94712
94709
94707
94705
94703
94701
94662
94660
94659
94649
94623
94622
94621
94619
94617
94614
94613
94612
94610
94609
94608
94606
94605
94604
94602
94601
94587
94586
94580
94578
94577
94568
94566
94560
94557
94552

94551
94545
94544
94543
94541
94540
94539
94537
94536
94502
94501
94538
94542
94546
94555
94579
94588
94603
94607
94550
94611
94615
94624
94666
94661
94704
94702
94706
94720
94710
94708
94620
94618
94820
94807
94805
94803
94597
94595
94582
94575
94572
94570
94569
94564
94563
94561

94556
94553
94549
94547
94530
94528
94527
94526
94524
94523
94522
94520
94519
94518
94516
94514
94513
94511
94509
94507
94506
94505
94548
94565
94583
94596
94598
94531
94801
94804
94802
94808
94806
94850
94529
94517
94521
94525
95613
95682
95709
96158
96157
96156
96154
96151
96142

95762
95735
95726
95721
95720
95684
95672
95667
95664
95656
95651
95636
95635
95633
95623
95619
95614
96150
96152
96155
95634
94998
94979
94978
94977
94976
94974
94973
94971
94970
94966
94965
94964
94963
94960
94957
94956
94950
94949
94948
94947
94946
94945
94942
94941
94940
94939

94938
94937
94933
94930
94929
94925
94924
94920
94915
94914
94913
94912
94904
94903
94901
95722
95746
96148
96146
96145
96140
95765
95747
95736
95717
95715
95714
95713
95703
95701
95681
95678
95677
95663
95661
95658
95650
95648
95631
95604
95603
95602
96143
96141
95609
95662
94299

94298
94297
94296
94294
94293
94291
94289
94288
94287
94284
94283
94282
94280
94279
94278
94277
94273
94271
94269
94267
94263
94262
94259
94258
94257
94256
94254
94252
94250
94248
94247
94245
94240
94239
94237
94235
94234
94232
94230
94229
94211
94209
94208
94207
94206
94205
94204

94203
94236
95816
95824
94244
95828
95812
94249
94261
94268
94274
94285
94290
94295
95899
95894
95867
95866
95864
95860
95853
95851
95843
95842
95840
95838
95837
95836
95835
95834
95833
95831
95830
95829
95827
95826
95825
95823
95822
95821
95820
95819
95818
95817
95815
95814
95813

95811
95763
95759
95758
95757
95742
95741
95693
95690
95683
95680
95673
95671
95670
95660
95655
95652
95641
95639
95638
95632
95630
95628
95626
95624
95621
95615
95611
95610
95608
95832
95841
95852
95865
95075
95045
95043
95024
95023
94188
94177
94172
94164
94163
94161
94160
94159

94158
94151
94147
94146
94145
94144
94143
94142
94141
94140
94139
94137
94134
94133
94132
94131
94130
94129
94127
94126
94125
94124
94123
94122
94121
94120
94119
94118
94117
94116
94115
94114
94112
94111
94110
94109
94108
94107
94105
94104
94103
94102
95686
95391
95385
95378
95377

95376
95366
95337
95336
95330
95320
95304
95297
95296
95269
95267
95258
95253
95242
95241
95240
95237
95236
95234
95231
95230
95227
95220
95219
95215
95214
95213
95212
95211
95210
95209
95208
95207
95206
95205
95204
95203
95202
95201
94497
94404
94403
94402
94401
94128
94083
94080

94074
94070
94066
94065
94064
94063
94062
94061
94060
94044
94038
94037
94030
94028
94027
94026
94025
94021
94020
94019
94018
94017
94016
94015
94014
94011
94010
94005
94002
95119
95118
95117
95116
95115
95113
95112
95111
95110
95109
95108
95106
95103
95101
95071
95070
95056
95055

95054
95053
95052
95051
95050
95046
95044
95042
95038
95037
95036
95035
95032
95031
95030
95026
95021
95020
95015
95014
95013
95011
95009
95008
95002
94309
94306
94305
94304
94303
94302
94301
94089
94088
94087
94086
94085
94043
94042
94041
94040
94039
94035
94024
94023
94022
95196

95194
95193
95192
95191
95190
95173
95172
95170
95164
95161
95160
95159
95158
95157
95156
95155
95154
95153
95152
95151
95150
95148
95141
95140
95139
95138
95136
95135
95134
95133
95132
95131
95130
95129
95128
95127
95126
95125
95124
95123
95122
95121
95120
94592
94591
94590
94589

94585
94571
94535
94534
94533
94512
94510
95696
95688
95687
95625
95620
95993
95992
95991
95982
95957
95953
95676
95674
95668
95659
96061
96075
96092
96090
96080
96078
96074
96063
96059
96055
96035
96029
96021
95383
95379
95375
95373
95372
95370
95364
95347
95346
95335
95327
95321

95310
95309
95305
95617
95776
95937
95799
95798
95698
95697
95695
95694
95691
95679
95645
95637
95627
95618
95616
95612
95607
95606
95605
95653
95981
95972
95962
95961
95935
95925
95922
95919
95918
95903
95901
95692
